10,156
10,78
10,112
10,242
10,100
10,262
10,264
10,138
11,10
11,11
9,4
8,11
8,4
8,17
47,6
47,5
47,4
47,3
47,2
47,1
47,0
20,3
20,2
20,1
19,3
19,2
19,1
18,3
18,1
14,3
14,1
13,3
13,1
12,3
12,2
12,1
11,28
11,27
11,26
11,25
11,24
11,23
11,22
11,21
11,20
11,19
11,18
11,16
11,8
11,5
11,4
11,3
11,2
11,1
10,299
10,292
10,248
10,223
10,210
10,177
10,176
10,172
10,153
10,151
10,118
10,93
10,85
10,74
10,7
10,3
10,2
10,1
9,7
9,6
9,5
9,3
9,2
9,1
8,16
8,15
8,14
8,13
8,12
8,10
8,9
8,7
8,3
8,2
8,1
3,3
3,2
3,1
2,3
2,2
2,1
0,472
0,278
0,9
0,0
49,34
49,33
49,32
49,31
49,30
